SHITOMASI,BRISK,0,1723,12.224,1723,4,1630,19.669,0,0,0
SHITOMASI,BRISK,1,1759,12.286,1759,4,1662,19.9903,797,75.9285,833
SHITOMASI,BRISK,2,1820,12.4201,1820,4,1717,19.9967,779,78.8828,883
SHITOMASI,BRISK,3,1850,12.2151,1850,4,1752,20.205,843,82.4564,874
SHITOMASI,BRISK,4,1828,12.0672,1828,4,1729,20.3296,792,82.8119,960
SHITOMASI,BRISK,5,1806,12.1989,1806,4,1689,20.7904,817,80.6944,912
SHITOMASI,BRISK,6,1877,12.4031,1877,4,1736,20.719,805,81.25,884
SHITOMASI,BRISK,7,1894,12.3407,1894,4,1758,21.135,780,83.8552,956
SHITOMASI,BRISK,8,1889,12.3651,1889,4,1757,20.8964,850,85.5004,908
SHITOMASI,BRISK,9,1917,12.1682,1917,4,1778,20.822,842,85.3507,915
SHITOMASI,BRISK,10,1874,12.2168,1874,4,1739,20.8765,832,86.0271,946
SHITOMASI,BRISK,11,1912,12.2326,1912,4,1787,22.3571,857,85.3954,882
SHITOMASI,BRISK,12,1930,12.3099,1930,4,1794,21.3765,849,87.9038,938
SHITOMASI,BRISK,13,1881,12.1666,1881,4,1769,21.2059,884,86.5494,910
SHITOMASI,BRISK,14,1886,12.2177,1886,4,1776,21.6663,889,86.4576,880
SHITOMASI,BRISK,15,1957,12.3336,1957,4,1849,22.7393,906,89.5911,870
SHITOMASI,BRISK,16,1888,12.0847,1888,4,1778,21.2256,878,90.0726,971
SHITOMASI,BRISK,17,1919,12.3511,1919,4,1815,21.4158,914,88.4719,864
SHITOMASI,BRISK,18,2057,12.4209,2057,4,1936,22.9122,960,95.4125,855
SHITOMASI,BRIEF,0,1723,12.2701,1723,4,1534,6.25567,0,0,0
SHITOMASI,BRIEF,1,1759,12.3765,1759,4,1564,6.09677,1148,60.9427,386
SHITOMASI,BRIEF,2,1820,12.2072,1820,4,1621,6.04704,1167,64.0574,397
SHITOMASI,BRIEF,3,1850,12.22,1850,4,1652,6.12713,1221,67.4814,400
SHITOMASI,BRIEF,4,1828,12.0217,1828,4,1621,6.05385,1210,67.5137,442
SHITOMASI,BRIEF,5,1806,15.8016,1806,4,1582,6.1088,1221,65.1921,400
SHITOMASI,BRIEF,6,1877,12.2279,1877,4,1609,6.38054,1155,63.4343,427
SHITOMASI,BRIEF,7,1894,12.2101,1894,4,1622,6.30322,1190,65.7102,419
SHITOMASI,BRIEF,8,1889,12.3592,1889,4,1621,6.24164,1214,68.0694,408
SHITOMASI,BRIEF,9,1917,12.2914,1917,4,1654,6.44532,1205,67.3731,416
SHITOMASI,BRIEF,10,1874,12.1759,1874,4,1608,6.48918,1187,66.8189,467
SHITOMASI,BRIEF,11,1912,12.2162,1912,4,1657,6.3456,1193,67.1688,415
SHITOMASI,BRIEF,12,1930,12.2673,1930,4,1654,6.59304,1239,68.3951,418
SHITOMASI,BRIEF,13,1881,12.4193,1881,4,1634,6.2785,1250,67.7418,404
SHITOMASI,BRIEF,14,1886,12.3287,1886,4,1640,6.52944,1248,67.114,386
SHITOMASI,BRIEF,15,1957,12.4095,1957,4,1707,6.55683,1262,72.8434,378
SHITOMASI,BRIEF,16,1888,12.8053,1888,4,1646,6.75347,1281,73.3638,426
SHITOMASI,BRIEF,17,1919,12.2935,1919,4,1683,6.5181,1270,69.6834,376
SHITOMASI,BRIEF,18,2057,12.702,2057,4,1767,7.39645,1320,76.1755,363
SHITOMASI,ORB,0,1723,12.0304,1723,4,1517,3.79685,0,0,0
SHITOMASI,ORB,1,1759,12.1724,1759,4,1548,3.95097,1053,60.7223,464
SHITOMASI,ORB,2,1820,12.0939,1820,4,1598,3.66282,1070,62.3435,478
SHITOMASI,ORB,3,1850,12.1355,1850,4,1628,3.99729,1116,65.8054,482
SHITOMASI,ORB,4,1828,12.1796,1828,4,1603,3.64194,1082,65.2242,546
SHITOMASI,ORB,5,1806,12.1449,1806,4,1569,3.7131,1080,63.9262,523
SHITOMASI,ORB,6,1877,12.1491,1877,4,1585,3.65986,1042,62.857,527
SHITOMASI,ORB,7,1894,12.2764,1894,4,1604,3.72249,1059,64.2811,526
SHITOMASI,ORB,8,1889,12.1665,1889,4,1602,3.72718,1085,64.7445,519
SHITOMASI,ORB,9,1917,12.1191,1917,4,1634,3.80902,1072,65.8976,530
SHITOMASI,ORB,10,1874,12.4275,1874,4,1581,3.62548,1050,64.9013,584
SHITOMASI,ORB,11,1912,12.2921,1912,4,1630,3.83484,1049,64.8346,532
SHITOMASI,ORB,12,1930,12.182,1930,4,1630,3.72851,1099,67.0506,531
SHITOMASI,ORB,13,1881,12.4812,1881,4,1612,3.70519,1109,66.148,521
SHITOMASI,ORB,14,1886,12.3269,1886,4,1609,3.85042,1099,65.6494,513
SHITOMASI,ORB,15,1957,12.3784,1957,4,1676,3.82449,1102,68.0101,507
SHITOMASI,ORB,16,1888,12.219,1888,4,1619,3.67722,1135,67.8742,541
SHITOMASI,ORB,17,1919,12.3218,1919,4,1660,3.85085,1165,67.6685,454
SHITOMASI,ORB,18,2057,12.2747,2057,4,1731,3.91144,1204,71.8347,456
SHITOMASI,FREAK,0,1723,12.08,1723,4,1563,61.1029,0,0,0
SHITOMASI,FREAK,1,1759,12.5553,1759,4,1586,60.2731,812,66.1427,751
SHITOMASI,FREAK,2,1820,12.4558,1820,4,1648,61.0503,814,68.9977,772
SHITOMASI,FREAK,3,1850,12.2796,1850,4,1685,61.3454,878,77.3366,770
SHITOMASI,FREAK,4,1828,12.0234,1828,4,1649,61.6564,851,73.5797,834
SHITOMASI,FREAK,5,1806,12.2801,1806,4,1614,62.0627,874,70.598,775
SHITOMASI,FREAK,6,1877,13.0128,1877,4,1649,63.9613,845,70.6689,769
SHITOMASI,FREAK,7,1894,12.1512,1894,4,1661,60.5997,831,81.5679,818
SHITOMASI,FREAK,8,1889,12.1724,1889,4,1658,61.1342,870,73.4887,791
SHITOMASI,FREAK,9,1917,12.1762,1917,4,1689,61.3199,863,74.0979,795
SHITOMASI,FREAK,10,1874,12.1982,1874,4,1643,61.6686,860,73.0981,829
SHITOMASI,FREAK,11,1912,12.3146,1912,4,1693,61.4144,861,79.9735,782
SHITOMASI,FREAK,12,1930,12.1345,1930,4,1700,61.0144,885,75.8275,808
SHITOMASI,FREAK,13,1881,12.1573,1881,4,1678,60.684,880,75.4527,820
SHITOMASI,FREAK,14,1886,12.287,1886,4,1682,60.8712,886,74.6742,792
SHITOMASI,FREAK,15,1957,12.1023,1957,4,1747,62.2904,892,77.5814,790
SHITOMASI,FREAK,16,1888,16.209,1888,4,1682,63.1501,899,77.6385,848
SHITOMASI,FREAK,17,1919,12.8531,1919,4,1716,64.5661,949,89.7371,733
SHITOMASI,FREAK,18,2057,12.9032,2057,4,1818,64.2697,952,89.1746,764
SHITOMASI,SIFT,0,1723,12.3163,1723,4,1723,62.7551,0,0,0
SHITOMASI,SIFT,1,1759,12.7794,1759,4,1759,61.9952,1260,108.418,463
SHITOMASI,SIFT,2,1820,12.1351,1820,4,1820,65.1115,1257,113.591,502
SHITOMASI,SIFT,3,1850,12.1607,1850,4,1850,66.4429,1321,118.91,499
SHITOMASI,SIFT,4,1828,11.9379,1828,4,1828,64.2319,1344,119.277,506
SHITOMASI,SIFT,5,1806,12.0797,1806,4,1806,63.3174,1324,117.039,504
SHITOMASI,SIFT,6,1877,12.5523,1877,4,1877,65.1665,1287,119.832,519
SHITOMASI,SIFT,7,1894,12.3955,1894,4,1894,66.0835,1310,125.391,567
SHITOMASI,SIFT,8,1889,12.337,1889,4,1889,64.8394,1337,128.623,557
SHITOMASI,SIFT,9,1917,12.3544,1917,4,1917,67.3031,1334,127.167,555
SHITOMASI,SIFT,10,1874,12.2351,1874,4,1874,65.3141,1324,127.367,593
SHITOMASI,SIFT,11,1912,12.2647,1912,4,1912,67.3903,1299,125.558,575
SHITOMASI,SIFT,12,1930,12.3437,1930,4,1930,67.2166,1356,130.183,556
SHITOMASI,SIFT,13,1881,12.1892,1881,4,1881,66.5092,1372,126.782,558
SHITOMASI,SIFT,14,1886,12.3716,1886,4,1886,66.0101,1359,124.085,522
SHITOMASI,SIFT,15,1957,12.3551,1957,4,1957,68.235,1400,130.547,486
SHITOMASI,SIFT,16,1888,12.0348,1888,4,1888,65.4335,1425,129.698,532
SHITOMASI,SIFT,17,1919,12.0848,1919,4,1919,66.6139,1442,127.682,446
SHITOMASI,SIFT,18,2057,12.4393,2057,4,2057,70.828,1487,137.916,432
HARRIS,BRISK,0,115,12.1564,115,6,114,2.35372,0,0,0
HARRIS,BRISK,1,209,15.6052,209,6,205,3.36248,75,0.75961,39
HARRIS,BRISK,2,114,12.6887,114,6,114,2.33855,89,0.739686,116
HARRIS,BRISK,3,176,14.1559,176,6,173,3.09559,75,0.624752,39
HARRIS,BRISK,4,251,16.8419,251,6,245,3.88781,106,1.2345,67
HARRIS,BRISK,5,241,16.7584,241,6,233,3.66223,136,1.63952,109
HARRIS,BRISK,6,259,17.1001,259,6,251,3.83154,123,1.65524,110
HARRIS,BRISK,7,271,18.2419,271,6,263,3.97971,145,1.85333,106
HARRIS,BRISK,8,193,14.6343,193,6,190,3.16511,124,1.41545,139
HARRIS,BRISK,9,128,13.4348,128,6,127,2.52,92,0.755912,98
HARRIS,BRISK,10,248,17.3782,248,6,243,3.81946,77,0.944918,50
HARRIS,BRISK,11,147,13.495,147,6,145,2.67705,104,1.06514,139
HARRIS,BRISK,12,168,14.0996,168,6,164,3.0404,85,0.800211,60
HARRIS,BRISK,13,181,14.2947,181,6,180,3.08995,99,0.883209,65
HARRIS,BRISK,14,144,13.4142,144,6,144,2.69089,98,0.800625,82
HARRIS,BRISK,15,243,17.2804,243,6,239,3.72041,89,0.977808,55
HARRIS,BRISK,16,213,16.007,213,6,208,3.3636,124,1.44348,115
HARRIS,BRISK,17,126,13.0308,126,6,123,2.45996,90,0.816621,118
HARRIS,BRISK,18,158,13.4791,158,6,154,2.77809,75,0.594715,48
HARRIS,BRIEF,0,115,12.6458,115,6,113,1.06398,0,0,0
HARRIS,BRIEF,1,209,15.2832,209,6,202,1.45029,95,0.651517,18
HARRIS,BRIEF,2,114,12.6961,114,6,113,1.11531,119,0.695006,83
HARRIS,BRIEF,3,176,13.7994,176,6,170,1.29116,94,0.568565,19
HARRIS,BRIEF,4,251,16.3673,251,6,240,1.52143,142,1.12289,28
HARRIS,BRIEF,5,241,16.2276,241,6,226,1.59206,180,1.44205,60
HARRIS,BRIEF,6,259,17.0983,259,6,242,1.71472,174,1.46433,52
HARRIS,BRIEF,7,271,17.9702,271,6,258,1.69273,189,1.66224,53
HARRIS,BRIEF,8,193,15.5952,193,6,186,1.32791,176,1.31569,82
HARRIS,BRIEF,9,128,12.8904,128,6,126,1.10271,123,0.68954,63
HARRIS,BRIEF,10,248,17.3965,248,6,238,1.61064,109,0.845066,17
HARRIS,BRIEF,11,147,13.4011,147,6,144,1.26205,143,0.957962,95
HARRIS,BRIEF,12,168,14.1029,168,6,161,1.33531,116,0.679601,28
HARRIS,BRIEF,13,181,14.3733,181,6,179,1.38125,132,0.831202,29
HARRIS,BRIEF,14,144,13.1798,144,6,143,1.20272,131,0.745232,48
HARRIS,BRIEF,15,243,17.2629,243,6,233,1.69831,122,0.910482,21
HARRIS,BRIEF,16,213,15.9739,213,6,202,1.54715,174,1.27111,59
HARRIS,BRIEF,17,126,12.8638,126,6,120,1.11821,132,0.722777,70
HARRIS,BRIEF,18,158,13.6311,158,6,151,1.34954,100,0.535511,20
HARRIS,ORB,0,115,12.5898,115,6,112,1.36513,0,0,0
HARRIS,ORB,1,209,15.2909,209,6,202,1.53244,93,0.655178,19
HARRIS,ORB,2,114,12.1293,114,6,111,1.33756,105,0.67123,97
HARRIS,ORB,3,176,13.9687,176,6,169,1.43953,92,0.545326,19
HARRIS,ORB,4,251,16.6768,251,6,239,1.6246,131,1.10321,38
HARRIS,ORB,5,241,17.9962,241,6,224,1.54701,174,1.432,65
HARRIS,ORB,6,259,17.1115,259,6,241,1.61214,159,1.43793,65
HARRIS,ORB,7,271,18.0414,271,6,256,1.62096,179,1.63672,62
HARRIS,ORB,8,193,14.6499,193,6,185,1.50001,161,1.30417,95
HARRIS,ORB,9,128,12.9342,128,6,126,1.35144,105,0.715171,80
HARRIS,ORB,10,248,17.0107,248,6,238,1.58717,96,0.830605,30
HARRIS,ORB,11,147,13.7028,147,6,143,1.3888,133,0.963154,105
HARRIS,ORB,12,168,13.9057,168,6,161,1.466,107,0.658924,36
HARRIS,ORB,13,181,14.2892,181,6,178,1.47713,128,0.795514,33
HARRIS,ORB,14,144,13.3476,144,6,141,1.36739,119,0.735133,59
HARRIS,ORB,15,243,17.0712,243,6,228,1.57746,111,0.875079,30
HARRIS,ORB,16,213,14.9977,213,6,201,1.53346,155,1.95783,73
HARRIS,ORB,17,126,12.7272,126,6,120,1.3308,115,0.727919,86
HARRIS,ORB,18,158,13.3107,158,6,150,1.38891,96,0.542992,24
HARRIS,FREAK,0,115,12.8927,115,6,113,48.8495,0,0,0
HARRIS,FREAK,1,209,15.4676,209,6,203,49.6742,78,0.723068,35
HARRIS,FREAK,2,114,12.8011,114,6,113,48.6427,94,0.737136,109
HARRIS,FREAK,3,176,13.9461,176,6,171,48.6769,76,0.620585,37
HARRIS,FREAK,4,251,16.3333,251,6,242,49.4338,102,1.19731,69
HARRIS,FREAK,5,241,16.1768,241,6,228,49.3585,141,1.60874,101
HARRIS,FREAK,6,259,17.1683,259,6,247,49.3779,121,1.61654,107
HARRIS,FREAK,7,271,17.9641,271,6,261,49.8099,127,1.82521,120
HARRIS,FREAK,8,193,14.4728,193,6,186,48.9458,131,1.38922,130
HARRIS,FREAK,9,128,12.2089,128,6,126,50.4685,87,0.727566,99
HARRIS,FREAK,10,248,17.2863,248,6,240,49.6725,76,0.879582,50
HARRIS,FREAK,11,147,13.3085,147,6,144,49.4258,106,1.04313,134
HARRIS,FREAK,12,168,13.905,168,6,161,49.0091,86,0.739718,58
HARRIS,FREAK,13,181,14.4084,181,6,179,48.7927,104,0.884548,57
HARRIS,FREAK,14,144,13.3051,144,6,144,48.754,101,0.80561,78
HARRIS,FREAK,15,243,17.4554,243,6,234,50.62,88,0.965892,56
HARRIS,FREAK,16,213,15.7337,213,6,205,49.0736,127,1.39271,107
HARRIS,FREAK,17,126,13.2267,126,6,120,49.1756,92,0.765277,113
HARRIS,FREAK,18,158,13.4782,158,6,152,49.0625,75,0.563658,45
HARRIS,SIFT,0,115,12.7276,115,6,115,23.507,0,0,0
HARRIS,SIFT,1,209,15.4883,209,6,209,28.4335,98,0.890748,17
HARRIS,SIFT,2,114,12.883,114,6,114,27.4291,118,0.967483,91
HARRIS,SIFT,3,176,13.8924,176,6,176,26.3456,103,0.769888,11
HARRIS,SIFT,4,251,16.8501,251,6,251,31.4044,144,2.40737,32
HARRIS,SIFT,5,241,16.19,241,6,241,30.0492,200,2.18812,51
HARRIS,SIFT,6,259,17.3536,259,6,259,34.3256,196,2.14803,45
HARRIS,SIFT,7,271,18.033,271,6,271,31.1173,202,2.45628,57
HARRIS,SIFT,8,193,14.6031,193,6,193,26.9338,189,1.90769,82
HARRIS,SIFT,9,128,13.0029,128,6,128,23.621,123,0.931553,70
HARRIS,SIFT,10,248,17.0128,248,6,248,30.4734,117,1.22397,11
HARRIS,SIFT,11,147,12.699,147,6,147,24.2873,150,1.37144,98
HARRIS,SIFT,12,168,13.8137,168,6,168,26.4629,120,0.933899,27
HARRIS,SIFT,13,181,14.4467,181,6,181,26.9702,137,1.13983,31
HARRIS,SIFT,14,144,13.2881,144,6,144,24.1479,138,1.00862,43
HARRIS,SIFT,15,243,17.0713,243,6,243,30.0066,127,1.28412,17
HARRIS,SIFT,16,213,15.9373,213,6,213,28.4933,187,1.84844,56
HARRIS,SIFT,17,126,13.1213,126,6,126,23.0928,125,1.05257,88
HARRIS,SIFT,18,158,13.5226,158,6,158,25.1217,112,0.783151,14
FAST,BRISK,0,1864,1.06327,1864,7,1806,20.2912,0,0,0
FAST,BRISK,1,1898,0.974507,1898,7,1841,20.7861,1023,91.2263,783
FAST,BRISK,2,1865,0.967891,1865,7,1810,20.9805,994,91.4259,847
FAST,BRISK,3,1840,1.02228,1840,7,1789,20.337,962,88.635,848
FAST,BRISK,4,1867,1.03276,1867,7,1819,21.2355,960,90.7436,829
FAST,BRISK,5,1876,1.01857,1876,7,1823,20.6533,1016,90.5375,803
FAST,BRISK,6,1843,1.00989,1843,7,1788,20.672,969,89.6045,854
FAST,BRISK,7,1829,0.987226,1829,7,1772,20.3028,917,86.5872,871
FAST,BRISK,8,1843,0.998247,1843,7,1785,20.6156,925,88.8397,847
FAST,BRISK,9,1818,0.991922,1818,7,1737,20.0158,927,82.2313,858
FAST,BRISK,10,1879,0.990555,1879,7,1798,20.682,956,102.902,781
FAST,BRISK,11,1849,1.04739,1849,7,1796,20.2793,954,87.5623,844
FAST,BRISK,12,1826,1.00435,1826,7,1760,20.582,965,87.3858,831
FAST,BRISK,13,1842,1.00619,1842,7,1787,20.0832,966,85.2125,794
FAST,BRISK,14,1833,1.06266,1833,7,1773,20.0869,998,85.7932,789
FAST,BRISK,15,1921,1.06013,1921,7,1871,21.2041,1004,89.6549,769
FAST,BRISK,16,1934,1.10774,1934,7,1877,21.2597,1037,94.7025,834
FAST,BRISK,17,1946,1.06165,1946,7,1872,21.109,1095,94.6684,782
FAST,BRISK,18,1961,1.02231,1961,7,1887,21.1917,1068,95.1277,804
FAST,BRIEF,0,1864,1.0255,1864,7,1729,7.21769,0,0,0
FAST,BRIEF,1,1898,1.02605,1898,7,1771,7.34011,1305,76.2964,424
FAST,BRIEF,2,1865,1.00001,1865,7,1745,7.08994,1333,77.5288,438
FAST,BRIEF,3,1840,0.965714,1840,7,1725,6.97769,1308,75.1967,437
FAST,BRIEF,4,1867,0.989441,1867,7,1736,7.16862,1252,74.6478,473
FAST,BRIEF,5,1876,0.998691,1876,7,1732,7.32169,1284,75.2641,452
FAST,BRIEF,6,1843,1.11145,1843,7,1707,7.41531,1274,73.9373,458
FAST,BRIEF,7,1829,1.041,1829,7,1675,7.1763,1242,71.7409,465
FAST,BRIEF,8,1843,1.053,1843,7,1690,7.31682,1237,71.844,438
FAST,BRIEF,9,1818,1.08304,1818,7,1665,6.90786,1277,70.7952,413
FAST,BRIEF,10,1879,1.00782,1879,7,1714,7.25263,1237,71.6334,428
FAST,BRIEF,11,1849,1.02607,1849,7,1705,7.16819,1252,74.1921,462
FAST,BRIEF,12,1826,0.986564,1826,7,1668,7.01813,1275,72.7732,430
FAST,BRIEF,13,1842,1.06595,1842,7,1688,8.96537,1246,71.1336,422
FAST,BRIEF,14,1833,1.00751,1833,7,1677,8.90106,1265,71.7214,423
FAST,BRIEF,15,1921,1.07657,1921,7,1752,9.24019,1238,74.0473,439
FAST,BRIEF,16,1934,1.05185,1934,7,1762,9.13969,1297,77.6964,455
FAST,BRIEF,17,1946,1.02591,1946,7,1763,7.30027,1348,78.0823,414
FAST,BRIEF,18,1961,1.14985,1961,7,1783,7.57421,1355,79.4378,408
FAST,ORB,0,1864,0.971299,1864,7,1716,4.57906,0,0,0
FAST,ORB,1,1898,0.999516,1898,7,1759,4.73786,1220,77.0008,496
FAST,ORB,2,1865,1.05522,1865,7,1728,4.71957,1234,76.1336,525
FAST,ORB,3,1840,0.989769,1840,7,1711,4.67831,1238,74.7065,490
FAST,ORB,4,1867,1.02918,1867,7,1723,5.30749,1188,75.8751,523
FAST,ORB,5,1876,0.970488,1876,7,1710,4.89953,1232,79.1196,491
FAST,ORB,6,1843,1.01672,1843,7,1684,4.50209,1193,72.2261,517
FAST,ORB,7,1829,0.974462,1829,7,1660,4.42658,1141,71.0434,543
FAST,ORB,8,1843,1.06506,1843,7,1678,4.39347,1167,69.9934,493
FAST,ORB,9,1818,1.02558,1818,7,1652,4.21316,1171,69.3506,507
FAST,ORB,10,1879,1.02443,1879,7,1699,4.43922,1142,70.3468,510
FAST,ORB,11,1849,1.00045,1849,7,1687,4.40932,1160,72.1454,539
FAST,ORB,12,1826,0.998883,1826,7,1645,4.30704,1188,69.3595,499
FAST,ORB,13,1842,1.0636,1842,7,1659,6.06633,1157,70.4189,488
FAST,ORB,14,1833,1.01166,1833,7,1647,4.21315,1162,79.3049,497
FAST,ORB,15,1921,1.02117,1921,7,1722,4.75709,1172,70.9522,475
FAST,ORB,16,1934,1.01339,1934,7,1736,4.60681,1244,74.5472,478
FAST,ORB,17,1946,1.06398,1946,7,1740,4.80886,1243,75.2639,493
FAST,ORB,18,1961,1.09325,1961,7,1757,4.79534,1266,82.8819,474
FAST,FREAK,0,1864,1.05308,1864,7,1749,61.1046,0,0,0
FAST,FREAK,1,1898,1.02283,1898,7,1791,87.0687,959,138.183,790
FAST,FREAK,2,1865,1.04174,1865,7,1766,61.4474,950,83.9352,841
FAST,FREAK,3,1840,1.08477,1840,7,1742,62.0769,944,82.8226,822
FAST,FREAK,4,1867,1.01325,1867,7,1755,62.1866,889,81.8032,853
FAST,FREAK,5,1876,0.985188,1876,7,1757,60.9223,969,82.6381,786
FAST,FREAK,6,1843,1.00168,1843,7,1732,60.4065,917,81.4204,840
FAST,FREAK,7,1829,0.981172,1829,7,1699,60.8279,886,79.0936,846
FAST,FREAK,8,1843,1.02393,1843,7,1711,60.3224,883,79.2621,816
FAST,FREAK,9,1818,1.03996,1818,7,1686,60.2279,865,79.6808,846
FAST,FREAK,10,1879,1.08646,1879,7,1733,60.8893,897,78.6166,789
FAST,FREAK,11,1849,0.998178,1849,7,1736,61.0968,930,80.6672,803
FAST,FREAK,12,1826,0.972563,1826,7,1697,61.2597,898,80.9469,838
FAST,FREAK,13,1842,1.062,1842,7,1719,60.9035,923,79.3972,774
FAST,FREAK,14,1833,1.04278,1833,7,1706,60.9401,952,80.3666,767
FAST,FREAK,15,1921,1.02382,1921,7,1789,60.7538,930,83.7286,776
FAST,FREAK,16,1934,1.03413,1934,7,1795,61.1088,957,85.6845,832
FAST,FREAK,17,1946,1.02902,1946,7,1785,61.4014,1011,85.8882,784
FAST,FREAK,18,1961,1.07932,1961,7,1819,61.7857,989,88.741,796
FAST,SIFT,0,1864,0.959765,1864,7,1864,167.958,0,0,0
FAST,SIFT,1,1898,1.04328,1898,7,1898,179.364,1424,122.89,440
FAST,SIFT,2,1865,0.994151,1865,7,1865,173.79,1446,121.966,452
FAST,SIFT,3,1840,1.00415,1840,7,1840,166.009,1383,114.249,482
FAST,SIFT,4,1867,1.04043,1867,7,1867,168.238,1389,114.356,451
FAST,SIFT,5,1876,0.984308,1876,7,1876,169.59,1449,124.965,418
FAST,SIFT,6,1843,1.35343,1843,7,1843,169.382,1425,125.137,451
FAST,SIFT,7,1829,0.985278,1829,7,1829,168.366,1377,112.228,466
FAST,SIFT,8,1843,1.02334,1843,7,1843,167.353,1345,114.553,484
FAST,SIFT,9,1818,0.987605,1818,7,1818,164.074,1385,112.185,458
FAST,SIFT,10,1879,1.00866,1879,7,1879,167.114,1392,114.328,426
FAST,SIFT,11,1849,0.999048,1849,7,1849,168.872,1350,133.089,529
FAST,SIFT,12,1826,1.02918,1826,7,1826,171.978,1368,117.378,481
FAST,SIFT,13,1842,1.19481,1842,7,1842,170.684,1368,112.421,458
FAST,SIFT,14,1833,1.01657,1833,7,1833,169.063,1386,112.839,456
FAST,SIFT,15,1921,1.25339,1921,7,1921,176.214,1386,117.366,447
FAST,SIFT,16,1934,1.09067,1934,7,1934,176.314,1446,123.699,475
FAST,SIFT,17,1946,1.03137,1946,7,1946,174.582,1445,130.697,489
FAST,SIFT,18,1961,1.04556,1961,7,1961,176.33,1465,152.853,481
BRISK,BRISK,0,2896,54.1311,2896,19.9691,2896,34.0113,0,0,0
BRISK,BRISK,1,3000,51.7147,3000,19.8651,3000,34.9907,1578,228.868,1318
BRISK,BRISK,2,2974,52.5262,2974,19.9561,2974,34.7233,1631,381.998,1369
BRISK,BRISK,3,2953,51.6543,2953,19.936,2953,35.0055,1589,230.968,1385
BRISK,BRISK,4,2855,53.5161,2855,19.8883,2855,33.8341,1510,217.274,1443
BRISK,BRISK,5,2906,51.2573,2906,19.826,2906,34.9051,1497,214.694,1358
BRISK,BRISK,6,2886,52.3264,2886,20.1532,2886,33.366,1525,216.548,1381
BRISK,BRISK,7,2886,51.7606,2886,20.1343,2886,34.7995,1500,214.844,1386
BRISK,BRISK,8,2893,52.7249,2893,20.1769,2893,34.8829,1494,217.921,1392
BRISK,BRISK,9,2930,53.9373,2930,20.4983,2930,56.6692,1529,226.974,1364
BRISK,BRISK,10,3022,58.5928,3022,20.3342,3022,35.2197,1497,230.606,1433
BRISK,BRISK,11,3013,53.9444,3013,20.3983,3013,36.1352,1564,260.341,1458
BRISK,BRISK,12,2949,59.5841,2949,20.4446,2949,49.8488,1562,250.052,1451
BRISK,BRISK,13,3012,54.8445,3012,20.5012,3012,35.3148,1553,265.419,1396
BRISK,BRISK,14,3026,67.3304,3026,20.766,3026,44.0102,1588,235.481,1424
BRISK,BRISK,15,3074,58.4293,3074,20.5448,3074,38.0037,1682,241.279,1344
BRISK,BRISK,16,3131,57.7614,3131,20.4205,3131,37.5665,1687,251.357,1387
BRISK,BRISK,17,3135,56.9724,3135,20.4457,3135,37.8732,1682,256.99,1449
BRISK,BRISK,18,3146,56.8692,3146,20.149,3146,36.7809,1775,253.367,1360
BRISK,BRIEF,0,2896,51.5523,2896,19.9691,2871,16.5616,0,0,0
BRISK,BRIEF,1,3000,52.2628,3000,19.8651,2973,15.7017,1702,214.274,1169
BRISK,BRIEF,2,2974,54.4758,2974,19.9561,2952,17.6038,1777,223.798,1196
BRISK,BRIEF,3,2953,52.4584,2953,19.936,2923,17.2386,1805,216.461,1147
BRISK,BRIEF,4,2855,50.634,2855,19.8883,2826,16.6667,1705,215.843,1218
BRISK,BRIEF,5,2906,52.3088,2906,19.826,2874,16.6575,1715,206.951,1111
BRISK,BRIEF,6,2886,58.602,2886,20.1532,2856,15.6558,1747,207.406,1127
BRISK,BRIEF,7,2886,54.3937,2886,20.1343,2849,15.4127,1678,211.579,1178
BRISK,BRIEF,8,2893,56.8218,2893,20.1769,2868,17.0273,1675,206.06,1174
BRISK,BRIEF,9,2930,53.3463,2930,20.4983,2904,17.8053,1737,216.44,1131
BRISK,BRIEF,10,3022,54.7609,3022,20.3342,2988,15.3013,1708,217.954,1196
BRISK,BRIEF,11,3013,53.5794,3013,20.3983,2977,15.3083,1741,232.525,1247
BRISK,BRIEF,12,2949,53.0936,2949,20.4446,2906,15.3722,1742,225.14,1235
BRISK,BRIEF,13,3012,53.5065,3012,20.5012,2970,15.9362,1721,217.288,1185
BRISK,BRIEF,14,3026,54.38,3026,20.766,2987,15.4287,1764,220.995,1206
BRISK,BRIEF,15,3074,54.6531,3074,20.5448,3024,15.5695,1850,227.308,1137
BRISK,BRIEF,16,3131,55.5565,3131,20.4205,3081,20.0651,1838,235.77,1186
BRISK,BRIEF,17,3135,58.3861,3135,20.4457,3097,19.3025,1908,241.719,1173
BRISK,BRIEF,18,3146,58.1298,3146,20.149,3100,16.2477,1956,243.679,1141
BRISK,ORB,0,2896,54.4656,2896,19.9691,2860,15.6082,0,0,0
BRISK,ORB,1,3000,56.7015,3000,19.8651,2958,15.8252,1480,222.481,1380
BRISK,ORB,2,2974,54.9503,2974,19.9561,2933,13.4302,1523,239.362,1435
BRISK,ORB,3,2953,52.7075,2953,19.936,2909,14.5369,1517,218.379,1416
BRISK,ORB,4,2855,50.6449,2855,19.8883,2811,13.6256,1436,204.608,1473
BRISK,ORB,5,2906,51.6298,2906,19.826,2853,13.7128,1422,198.468,1389
BRISK,ORB,6,2886,51.7251,2886,20.1532,2829,15.2642,1436,200.654,1417
BRISK,ORB,7,2886,51.8004,2886,20.1343,2832,13.6091,1415,198.297,1414
BRISK,ORB,8,2893,52.1802,2893,20.1769,2854,13.4124,1431,200.364,1401
BRISK,ORB,9,2930,53.0793,2930,20.4983,2888,13.6039,1440,204.109,1414
BRISK,ORB,10,3022,53.8174,3022,20.3342,2973,13.9622,1463,212.358,1425
BRISK,ORB,11,3013,54.084,3013,20.3983,2955,13.9323,1456,217.035,1517
BRISK,ORB,12,2949,52.8548,2949,20.4446,2883,13.6747,1481,210.288,1474
BRISK,ORB,13,3012,53.4655,3012,20.5012,2942,13.5798,1479,209.578,1404
BRISK,ORB,14,3026,54.1404,3026,20.766,2958,13.8506,1536,214.567,1406
BRISK,ORB,15,3074,54.7353,3074,20.5448,2998,13.7901,1557,218.822,1401
BRISK,ORB,16,3131,56.0395,3131,20.4205,3051,16.1634,1554,226.59,1444
BRISK,ORB,17,3135,57.2107,3135,20.4457,3076,14.3087,1590,399.55,1461
BRISK,ORB,18,3146,56.4089,3146,20.149,3073,14.8156,1644,234.735,1432
BRISK,FREAK,0,2896,50.7467,2896,19.9691,2400,71.1247,0,0,0
BRISK,FREAK,1,3000,52.0521,3000,19.8651,2467,69.8802,1396,153.843,1004
BRISK,FREAK,2,2974,52.1621,2974,19.9561,2472,71.3462,1470,160.163,997
BRISK,FREAK,3,2953,51.9719,2953,19.936,2466,70.772,1477,157.608,995
BRISK,FREAK,4,2855,50.6508,2855,19.8883,2393,68.2717,1428,154.271,1038
BRISK,FREAK,5,2906,58.3984,2906,19.826,2450,72.0375,1391,153.226,1002
BRISK,FREAK,6,2886,51.6887,2886,20.1532,2427,69.0112,1388,155.065,1062
BRISK,FREAK,7,2886,51.7609,2886,20.1343,2415,71.5745,1364,153.544,1063
BRISK,FREAK,8,2893,52.8619,2893,20.1769,2403,70.0745,1368,154.088,1047
BRISK,FREAK,9,2930,53.1567,2930,20.4983,2432,69.9148,1382,152.075,1021
BRISK,FREAK,10,3022,54.2079,3022,20.3342,2485,70.2654,1370,157.313,1062
BRISK,FREAK,11,3013,54.7578,3013,20.3983,2443,69.9146,1412,158.779,1073
BRISK,FREAK,12,2949,53.0608,2949,20.4446,2398,69.5821,1382,151.519,1061
BRISK,FREAK,13,3012,53.5636,3012,20.5012,2434,70.4643,1355,152.393,1043
BRISK,FREAK,14,3026,54.4161,3026,20.766,2446,70.8293,1376,153.588,1058
BRISK,FREAK,15,3074,54.7272,3074,20.5448,2497,69.7022,1475,156.944,971
BRISK,FREAK,16,3131,56.4835,3131,20.4205,2564,71.5712,1465,164.779,1032
BRISK,FREAK,17,3135,56.4719,3135,20.4457,2568,72.9928,1544,170.38,1020
BRISK,FREAK,18,3146,56.1307,3146,20.149,2585,72.4829,1541,172.802,1027
BRISK,SIFT,0,2896,51.1119,2896,19.9691,2896,532.418,0,0,0
BRISK,SIFT,1,3000,52.2154,3000,19.8651,3000,549.041,1740,290.292,1156
BRISK,SIFT,2,2974,51.624,2974,19.9561,2974,540.459,1774,295.45,1226
BRISK,SIFT,3,2953,51.7196,2953,19.936,2953,541.737,1780,289.525,1194
BRISK,SIFT,4,2855,50.9908,2855,19.8883,2855,529.502,1756,278.659,1197
BRISK,SIFT,5,2906,51.9832,2906,19.826,2906,539.099,1718,273.232,1137
BRISK,SIFT,6,2886,51.7044,2886,20.1532,2886,525.711,1704,275.947,1202
BRISK,SIFT,7,2886,53.916,2886,20.1343,2886,526.962,1698,275.482,1188
BRISK,SIFT,8,2893,52.8934,2893,20.1769,2893,525.304,1669,275.118,1217
BRISK,SIFT,9,2930,53.1987,2930,20.4983,2930,528.32,1682,279.744,1211
BRISK,SIFT,10,3022,53.9708,3022,20.3342,3022,538.694,1712,291.172,1218
BRISK,SIFT,11,3013,53.7545,3013,20.3983,3013,535.424,1751,300.003,1271
BRISK,SIFT,12,2949,52.8492,2949,20.4446,2949,526.499,1716,294.26,1297
BRISK,SIFT,13,3012,53.4097,3012,20.5012,3012,536.042,1773,291.673,1176
BRISK,SIFT,14,3026,54.1382,3026,20.766,3026,536.433,1715,299.714,1297
BRISK,SIFT,15,3074,55.1807,3074,20.5448,3074,542.156,1801,321.614,1225
BRISK,SIFT,16,3131,56.0119,3131,20.4205,3131,562.517,1820,315.774,1254
BRISK,SIFT,17,3135,56.6822,3135,20.4457,3135,564.518,1872,323.013,1259
BRISK,SIFT,18,3146,55.7476,3146,20.149,3146,567.093,1897,325.646,1238
ORB,BRISK,0,500,8.23462,500,53.9246,391,5.79964,0,0,0
ORB,BRISK,1,500,8.34983,500,53.9246,386,5.89474,311,4.39183,80
ORB,BRISK,2,500,8.15326,500,53.9246,394,5.92865,290,4.39966,96
ORB,BRISK,3,500,8.20055,500,53.9246,388,6.02465,298,4.12727,96
ORB,BRISK,4,500,8.14583,500,53.9246,398,5.89178,291,4.10457,97
ORB,BRISK,5,500,8.2898,500,53.9246,402,5.94242,316,4.29907,82
ORB,BRISK,6,500,8.24918,500,53.9246,410,6.05275,318,4.73325,84
ORB,BRISK,7,500,8.25069,500,53.9246,413,6.17277,306,4.61239,104
ORB,BRISK,8,500,8.28791,500,53.9246,406,6.05479,309,4.75605,104
ORB,BRISK,9,500,8.47408,500,53.9246,405,5.95515,309,4.73265,97
ORB,BRISK,10,500,8.467,500,53.9246,404,6.36891,315,4.42555,90
ORB,BRISK,11,500,8.86841,500,53.9246,403,5.99927,311,4.3709,93
ORB,BRISK,12,500,8.38051,500,53.9246,404,6.08265,315,4.62417,88
ORB,BRISK,13,500,8.40053,500,53.9246,394,5.95547,316,4.618,88
ORB,BRISK,14,500,8.37206,500,53.9246,400,6.15662,300,4.25738,94
ORB,BRISK,15,500,8.69522,500,53.9246,405,6.08516,313,4.90756,87
ORB,BRISK,16,500,8.44474,500,53.9246,414,6.72527,326,4.82301,79
ORB,BRISK,17,500,8.39688,500,53.9246,422,6.23255,320,4.95242,94
ORB,BRISK,18,500,9.14225,500,53.9246,426,6.30079,340,4.99001,82
ORB,BRIEF,0,500,8.15337,500,53.9246,500,4.24509,0,0,0
ORB,BRIEF,1,500,8.24965,500,53.9246,500,4.27075,221,6.32197,279
ORB,BRIEF,2,500,8.16262,500,53.9246,500,4.31991,247,6.30211,253
ORB,BRIEF,3,500,8.83257,500,53.9246,500,4.69725,229,6.3872,271
ORB,BRIEF,4,500,8.5159,500,53.9246,500,4.46049,222,6.33628,278
ORB,BRIEF,5,500,8.14443,500,53.9246,500,4.13805,248,6.32757,252
ORB,BRIEF,6,500,8.33424,500,53.9246,500,4.39226,233,6.33046,267
ORB,BRIEF,7,500,8.33724,500,53.9246,500,4.22622,234,6.33894,266
ORB,BRIEF,8,500,8.31454,500,53.9246,500,4.36797,244,6.3438,256
ORB,BRIEF,9,500,8.33351,500,53.9246,500,4.14035,242,6.34829,258
ORB,BRIEF,10,500,8.5896,500,53.9246,500,4.28101,223,6.30872,277
ORB,BRIEF,11,500,9.95507,500,53.9246,500,4.33796,226,6.34639,274
ORB,BRIEF,12,500,9.91855,500,53.9246,500,4.06416,252,6.30467,248
ORB,BRIEF,13,500,8.37537,500,53.9246,500,4.22725,229,6.35708,271
ORB,BRIEF,14,500,8.39516,500,53.9246,500,4.22945,238,6.35056,262
ORB,BRIEF,15,500,8.42746,500,53.9246,500,4.22334,262,6.33013,238
ORB,BRIEF,16,500,8.44571,500,53.9246,500,4.08643,219,6.33347,281
ORB,BRIEF,17,500,8.69758,500,53.9246,500,4.23534,223,6.36252,277
ORB,BRIEF,18,500,8.49139,500,53.9246,500,4.10766,240,6.27755,260
ORB,ORB,0,500,8.30087,500,53.9246,500,8.74334,0,0,0
ORB,ORB,1,500,8.27407,500,53.9246,500,8.23293,330,6.27468,170
ORB,ORB,2,500,8.25498,500,53.9246,500,8.4046,321,6.42144,179
ORB,ORB,3,500,8.29255,500,53.9246,500,8.40783,327,6.31566,173
ORB,ORB,4,500,8.14253,500,53.9246,500,8.32353,320,6.405,180
ORB,ORB,5,500,8.23227,500,53.9246,500,8.8853,318,6.31225,182
ORB,ORB,6,500,8.26336,500,53.9246,500,8.37954,343,6.50154,157
ORB,ORB,7,500,8.4879,500,53.9246,500,8.44161,327,6.47065,173
ORB,ORB,8,500,8.31046,500,53.9246,500,9.07755,344,6.35484,156
ORB,ORB,9,500,8.37082,500,53.9246,500,8.42637,343,6.34169,157
ORB,ORB,10,500,8.53778,500,53.9246,500,9.38578,320,6.36109,180
ORB,ORB,11,500,8.42299,500,53.9246,500,8.11979,325,6.28849,175
ORB,ORB,12,500,8.55465,500,53.9246,500,9.35096,325,6.35456,175
ORB,ORB,13,500,8.44699,500,53.9246,500,8.89457,309,6.39709,191
ORB,ORB,14,500,8.51487,500,53.9246,500,8.49041,345,6.40107,155
ORB,ORB,15,500,11.0088,500,53.9246,500,9.14969,335,6.39066,165
ORB,ORB,16,500,9.0588,500,53.9246,500,9.28638,312,6.32442,188
ORB,ORB,17,500,8.77958,500,53.9246,500,9.23437,344,6.33766,156
ORB,ORB,18,500,13.4463,500,53.9246,500,9.18551,330,6.35714,170
ORB,FREAK,0,500,8.22535,500,53.9246,154,50.0839,0,0,0
ORB,FREAK,1,500,10.5755,500,53.9246,156,50.3052,109,0.727689,45
ORB,FREAK,2,500,8.12297,500,53.9246,175,50.8418,123,0.881375,33
ORB,FREAK,3,500,8.20307,500,53.9246,173,50.467,128,0.98111,47
ORB,FREAK,4,500,8.25377,500,53.9246,162,50.5757,136,0.994167,37
ORB,FREAK,5,500,8.16468,500,53.9246,173,50.2475,110,0.87157,52
ORB,FREAK,6,500,8.25384,500,53.9246,179,50.3776,132,0.955888,41
ORB,FREAK,7,500,8.3007,500,53.9246,174,50.3047,136,0.991057,43
ORB,FREAK,8,500,8.38456,500,53.9246,187,50.612,135,1.02062,39
ORB,FREAK,9,500,8.52309,500,53.9246,186,51.2023,144,1.04313,43
ORB,FREAK,10,500,8.49952,500,53.9246,190,50.6295,146,1.06157,40
ORB,FREAK,11,500,8.98681,500,53.9246,192,53.2805,149,1.29343,41
ORB,FREAK,12,500,8.87867,500,53.9246,186,50.9241,155,1.11911,37
ORB,FREAK,13,500,8.44937,500,53.9246,183,51.1027,139,1.06193,47
ORB,FREAK,14,500,8.48349,500,53.9246,192,50.9072,151,1.03768,32
ORB,FREAK,15,500,8.82695,500,53.9246,186,51.1179,160,1.05109,32
ORB,FREAK,16,500,8.73184,500,53.9246,185,51.0613,144,1.04998,42
ORB,FREAK,17,500,8.48306,500,53.9246,188,50.7951,137,1.04049,48
ORB,FREAK,18,500,8.52338,500,53.9246,174,50.4855,154,1.06243,34
ORB,SIFT,0,500,8.59919,500,53.9246,500,252.969,0,0,0
ORB,SIFT,1,500,8.2509,500,53.9246,500,252.999,374,9.22513,126
ORB,SIFT,2,500,8.25123,500,53.9246,500,251.994,361,9.24007,139
ORB,SIFT,3,500,8.22528,500,53.9246,500,255.913,366,9.52886,134
ORB,SIFT,4,500,8.27394,500,53.9246,500,253.136,372,9.02606,128
ORB,SIFT,5,500,8.20046,500,53.9246,500,255.069,375,9.1029,125
ORB,SIFT,6,500,8.46119,500,53.9246,500,254.965,381,9.13573,119
ORB,SIFT,7,500,8.30491,500,53.9246,500,256.155,378,9.68032,122
ORB,SIFT,8,500,8.42012,500,53.9246,500,256.755,372,9.38752,128
ORB,SIFT,9,500,8.55674,500,53.9246,500,258.288,352,9.38364,148
ORB,SIFT,10,500,8.50411,500,53.9246,500,258.278,355,9.28614,145
ORB,SIFT,11,500,8.56699,500,53.9246,500,257.045,377,9.20424,123
ORB,SIFT,12,500,8.44322,500,53.9246,500,254.675,394,9.37536,106
ORB,SIFT,13,500,8.41745,500,53.9246,500,254.021,377,9.32355,123
ORB,SIFT,14,500,8.45321,500,53.9246,500,256.691,393,8.95038,107
ORB,SIFT,15,500,8.51322,500,53.9246,500,256.621,383,9.42399,117
ORB,SIFT,16,500,8.56892,500,53.9246,500,257.539,368,9.52202,132
ORB,SIFT,17,500,8.48189,500,53.9246,500,257.632,360,9.60369,140
ORB,SIFT,18,500,8.77427,500,53.9246,500,259.298,369,9.25357,131
AKAZE,BRISK,0,1513,98.0784,1513,7.25923,1513,17.6748,0,0,0
AKAZE,BRISK,1,1541,87.3637,1541,7.25258,1541,17.9372,973,62.7221,540
AKAZE,BRISK,2,1529,86.0307,1529,7.28866,1529,17.7273,965,62.6358,576
AKAZE,BRISK,3,1561,85.3374,1561,7.26435,1561,17.7753,988,62.882,541
AKAZE,BRISK,4,1545,85.1858,1545,7.25552,1545,17.7011,975,63.7074,586
AKAZE,BRISK,5,1526,85.2665,1526,7.34292,1526,17.6882,972,62.596,573
AKAZE,BRISK,6,1566,85.471,1566,7.40371,1566,18.1924,1003,63.4555,523
AKAZE,BRISK,7,1529,85.6618,1529,7.46008,1529,17.6124,1010,63.7067,556
AKAZE,BRISK,8,1547,85.0132,1547,7.39168,1547,17.8496,994,62.7033,535
AKAZE,BRISK,9,1572,84.3672,1572,7.33064,1572,18.3155,1007,65.2878,540
AKAZE,BRISK,10,1567,85.5385,1567,7.28656,1567,18.1947,1008,65.3231,564
AKAZE,BRISK,11,1538,84.8314,1538,7.21016,1538,17.9642,987,63.7539,580
AKAZE,BRISK,12,1513,85.4257,1513,7.19856,1513,18.0043,979,61.861,559
AKAZE,BRISK,13,1538,85.6499,1538,7.19704,1538,17.734,986,61.6936,527
AKAZE,BRISK,14,1555,85.6193,1555,7.22026,1555,18.071,1028,63.8107,510
AKAZE,BRISK,15,1544,86.2987,1544,7.20184,1544,17.7764,1060,63.4553,495
AKAZE,BRISK,16,1563,84.7083,1563,7.1393,1563,18.0039,1040,63.9309,504
AKAZE,BRISK,17,1561,85.3229,1561,7.08282,1561,17.8285,1103,64.9009,460
AKAZE,BRISK,18,1569,92.2626,1569,7.09125,1569,18.4747,1073,68.9994,488
AKAZE,BRIEF,0,1513,86.7514,1513,7.25923,1513,9.09492,0,0,0
AKAZE,BRIEF,1,1541,93.8529,1541,7.25258,1541,9.0007,1073,59.4804,440
AKAZE,BRIEF,2,1529,86.8965,1529,7.28866,1529,10.4472,1091,59.9251,450
AKAZE,BRIEF,3,1561,91.1424,1561,7.26435,1561,9.18002,1109,60.8238,420
AKAZE,BRIEF,4,1545,85.1742,1545,7.25552,1545,9.02958,1116,61.473,445
AKAZE,BRIEF,5,1526,85.3612,1526,7.34292,1526,9.53384,1102,60.2771,443
AKAZE,BRIEF,6,1566,86.6539,1566,7.40371,1566,9.57894,1121,60.7167,405
AKAZE,BRIEF,7,1529,85.9351,1529,7.46008,1529,9.07611,1082,60.7351,484
AKAZE,BRIEF,8,1547,85.5414,1547,7.39168,1547,9.51745,1119,61.8075,410
AKAZE,BRIEF,9,1572,85.8693,1572,7.33064,1572,10.0028,1120,62.1507,427
AKAZE,BRIEF,10,1567,86.314,1567,7.28656,1567,9.85872,1107,62.6693,465
AKAZE,BRIEF,11,1538,86.9412,1538,7.21016,1538,9.35273,1119,61.0253,448
AKAZE,BRIEF,12,1513,83.8791,1513,7.19856,1513,9.33042,1104,59.1962,434
AKAZE,BRIEF,13,1538,85.7587,1538,7.19704,1538,9.10842,1135,59.2383,378
AKAZE,BRIEF,14,1555,84.8042,1555,7.22026,1555,9.04981,1165,60.9459,373
AKAZE,BRIEF,15,1544,85.8354,1544,7.20184,1544,9.34061,1170,61.1169,385
AKAZE,BRIEF,16,1563,85.4666,1563,7.1393,1563,9.09697,1163,61.3853,381
AKAZE,BRIEF,17,1561,85.0346,1561,7.08282,1561,9.03117,1191,74.8917,372
AKAZE,BRIEF,18,1569,91.7816,1569,7.09125,1569,9.1765,1197,62.3918,364
AKAZE,ORB,0,1513,91.6436,1513,7.25923,1510,9.61901,0,0,0
AKAZE,ORB,1,1541,95.9146,1541,7.25258,1539,8.54254,924,59.71,586
AKAZE,ORB,2,1529,91.3426,1529,7.28866,1526,8.97654,933,64.0074,606
AKAZE,ORB,3,1561,93.6204,1561,7.26435,1559,8.71572,958,60.3388,568
AKAZE,ORB,4,1545,88.4314,1545,7.25552,1540,8.82929,944,61.2029,615
AKAZE,ORB,5,1526,89.6461,1526,7.34292,1522,8.89431,960,59.9198,580
AKAZE,ORB,6,1566,90.9561,1566,7.40371,1558,9.03846,958,60.3276,564
AKAZE,ORB,7,1529,91.4256,1529,7.46008,1527,8.3492,1001,60.7218,557
AKAZE,ORB,8,1547,91.5245,1547,7.39168,1541,8.89315,990,63.9187,537
AKAZE,ORB,9,1572,86.1647,1572,7.33064,1567,8.49067,968,61.3986,573
AKAZE,ORB,10,1567,85.1438,1567,7.28656,1562,8.42217,1002,62.2765,565
AKAZE,ORB,11,1538,86.4038,1538,7.21016,1529,8.39921,953,60.6766,609
AKAZE,ORB,12,1513,86.0234,1513,7.19856,1510,8.71517,957,58.5532,572
AKAZE,ORB,13,1538,85.6975,1538,7.19704,1532,8.41916,951,58.9498,559
AKAZE,ORB,14,1555,85.5961,1555,7.22026,1547,8.53297,1018,60.3313,514
AKAZE,ORB,15,1544,93.3244,1544,7.20184,1534,8.65142,1021,60.3865,526
AKAZE,ORB,16,1563,86.0513,1563,7.1393,1553,12.8191,1015,66.7708,519
AKAZE,ORB,17,1561,86.2711,1561,7.08282,1556,8.46254,1052,61.4254,501
AKAZE,ORB,18,1569,85.281,1569,7.09125,1558,9.05624,1047,62.4883,509
AKAZE,FREAK,0,1513,92.6376,1513,7.25923,1513,61.9053,0,0,0
AKAZE,FREAK,1,1541,97.3181,1541,7.25258,1541,62.2816,915,61.8071,598
AKAZE,FREAK,2,1529,92.3414,1529,7.28866,1529,62.1319,910,65.7893,631
AKAZE,FREAK,3,1561,96.3082,1561,7.26435,1561,61.9401,969,62.8269,560
AKAZE,FREAK,4,1545,93.1203,1545,7.25552,1545,65.1583,935,64.8224,626
AKAZE,FREAK,5,1526,103.692,1526,7.34292,1526,61.3754,900,62.3074,645
AKAZE,FREAK,6,1566,89.196,1566,7.40371,1566,62.0778,947,63.2742,579
AKAZE,FREAK,7,1529,90.9366,1529,7.46008,1529,62.0157,984,63.2569,582
AKAZE,FREAK,8,1547,89.9134,1547,7.39168,1547,62.2831,959,65.9707,570
AKAZE,FREAK,9,1572,93.8293,1572,7.33064,1572,62.3444,961,66.9304,586
AKAZE,FREAK,10,1567,91.8956,1567,7.28656,1567,61.9973,970,68.0689,602
AKAZE,FREAK,11,1538,84.2047,1538,7.21016,1538,62.0237,935,66.6184,632
AKAZE,FREAK,12,1513,84.7727,1513,7.19856,1513,61.9594,961,64.5312,577
AKAZE,FREAK,13,1538,83.9383,1538,7.19704,1538,62.2899,964,64.9272,549
AKAZE,FREAK,14,1555,85.7465,1555,7.22026,1555,62.3008,1010,66.9029,528
AKAZE,FREAK,15,1544,86.3771,1544,7.20184,1544,63.5882,1028,66.9786,527
AKAZE,FREAK,16,1563,82.7957,1563,7.1393,1563,62.3662,1011,66.5017,533
AKAZE,FREAK,17,1561,93.0476,1561,7.08282,1561,61.8237,1027,67.5494,536
AKAZE,FREAK,18,1569,94.4218,1569,7.09125,1569,61.8194,1054,64.3224,507
AKAZE,AKAZE,0,1513,92.5597,1513,7.25923,1513,100.195,0,0,0
AKAZE,AKAZE,1,1541,106.84,1541,7.25258,1541,101.642,1103,71.265,410
AKAZE,AKAZE,2,1529,92.569,1529,7.28866,1529,101.853,1073,71.7911,468
AKAZE,AKAZE,3,1561,85.2108,1561,7.26435,1561,103.306,1126,78.7949,403
AKAZE,AKAZE,4,1545,85.0136,1545,7.25552,1545,99.3409,1126,73.3421,435
AKAZE,AKAZE,5,1526,84.4294,1526,7.34292,1526,101.507,1117,71.7556,428
AKAZE,AKAZE,6,1566,84.4876,1566,7.40371,1566,101.371,1118,72.5045,408
AKAZE,AKAZE,7,1529,85.3356,1529,7.46008,1529,102.78,1147,73.0084,419
AKAZE,AKAZE,8,1547,85.6398,1547,7.39168,1547,102.005,1148,72.2166,381
AKAZE,AKAZE,9,1572,93.5871,1572,7.33064,1572,103.895,1120,73.8286,427
AKAZE,AKAZE,10,1567,92.9954,1567,7.28656,1567,107.83,1149,75.0578,423
AKAZE,AKAZE,11,1538,97.3936,1538,7.21016,1538,106.635,1083,73.4424,484
AKAZE,AKAZE,12,1513,94.7636,1513,7.19856,1513,107.443,1087,70.6914,451
AKAZE,AKAZE,13,1538,92.4375,1538,7.19704,1538,101.342,1071,71.032,442
AKAZE,AKAZE,14,1555,84.5509,1555,7.22026,1555,101.585,1138,72.7023,400
AKAZE,AKAZE,15,1544,84.754,1544,7.20184,1544,101.499,1119,73.0819,436
AKAZE,AKAZE,16,1563,84.7473,1563,7.1393,1563,102.731,1132,73.3521,412
AKAZE,AKAZE,17,1561,93.4149,1561,7.08282,1561,107.217,1152,74.1815,411
AKAZE,AKAZE,18,1569,96.3413,1569,7.09125,1569,100.004,1161,74.7239,400
AKAZE,SIFT,0,1513,91.2387,1513,7.25923,1513,133.524,0,0,0
AKAZE,SIFT,1,1541,92.8259,1541,7.25258,1541,135.439,1136,90.8178,377
AKAZE,SIFT,2,1529,93.3776,1529,7.28866,1529,135.001,1150,88.161,391
AKAZE,SIFT,3,1561,86.0377,1561,7.26435,1561,137.444,1166,80.8477,363
AKAZE,SIFT,4,1545,86.0035,1545,7.25552,1545,134.52,1147,82.0919,414
AKAZE,SIFT,5,1526,85.5142,1526,7.34292,1526,135.179,1146,79.7686,399
AKAZE,SIFT,6,1566,84.3464,1566,7.40371,1566,136.745,1138,81.1001,388
AKAZE,SIFT,7,1529,84.843,1529,7.46008,1529,136.343,1159,80.7284,407
AKAZE,SIFT,8,1547,88.8171,1547,7.39168,1547,136.281,1169,79.8963,360
AKAZE,SIFT,9,1572,85.3424,1572,7.33064,1572,137.369,1161,81.9389,386
AKAZE,SIFT,10,1567,85.5078,1567,7.28656,1567,136.169,1209,83.0504,363
AKAZE,SIFT,11,1538,85.5895,1538,7.21016,1538,134.864,1149,82.4627,418
AKAZE,SIFT,12,1513,85.256,1513,7.19856,1513,132.114,1134,78.774,404
AKAZE,SIFT,13,1538,85.4054,1538,7.19704,1538,133.186,1145,78.965,368
AKAZE,SIFT,14,1555,85.5918,1555,7.22026,1555,134.37,1181,80.8408,357
AKAZE,SIFT,15,1544,84.5448,1544,7.20184,1544,133.586,1183,81.4201,372
AKAZE,SIFT,16,1563,84.8964,1563,7.1393,1563,134.404,1221,81.4771,323
AKAZE,SIFT,17,1561,85.5543,1561,7.08282,1561,133.072,1210,91.4654,353
AKAZE,SIFT,18,1569,85.4455,1569,7.09125,1569,134.121,1215,82.6641,346
SIFT,BRISK,0,1890,122.303,1890,4.69598,1819,21.3039,0,0,0
SIFT,BRISK,1,1915,121.292,1915,4.59476,1817,20.9095,731,85.9814,1088
SIFT,BRISK,2,1824,123.041,1824,4.48522,1746,20.4781,733,87.7398,1084
SIFT,BRISK,3,1837,131.156,1837,4.64034,1763,20.523,743,84.7073,1003
SIFT,BRISK,4,1828,122.942,1828,4.46764,1746,20.7123,723,84.7048,1040
SIFT,BRISK,5,1875,124.343,1875,4.50551,1771,20.771,734,84.9489,1012
SIFT,BRISK,6,1931,123.683,1931,4.45731,1814,21.0538,708,88.0279,1063
SIFT,BRISK,7,1963,125.624,1963,4.57876,1854,21.3705,758,91.6661,1056
SIFT,BRISK,8,1954,123.21,1954,4.57051,1858,21.4633,736,89.7189,1118
SIFT,BRISK,9,1983,123.98,1983,4.56003,1872,21.3267,737,90.5586,1121
SIFT,BRISK,10,2043,126.709,2043,4.52702,1900,22.0211,753,96.3618,1119
SIFT,BRISK,11,2065,125.04,2065,4.62807,1960,22.2185,764,97.8663,1136
SIFT,BRISK,12,2007,123.852,2007,4.46717,1903,21.856,773,101.242,1187
SIFT,BRISK,13,2030,123.841,2030,4.39507,1943,22.0401,789,96.2262,1114
SIFT,BRISK,14,2048,124.989,2048,4.43746,1961,22.9118,813,102.804,1130
SIFT,BRISK,15,2044,124.742,2044,4.2288,1965,23.0176,844,103.465,1117
SIFT,BRISK,16,2086,126.282,2086,4.31612,1991,22.7839,829,104.818,1136
SIFT,BRISK,17,2093,125.681,2093,4.3955,1990,23.1836,897,109.09,1094
SIFT,BRISK,18,2159,134.519,2159,4.32751,2065,23.3016,859,110.216,1131
SIFT,BRIEF,0,1890,121.784,1890,4.69598,1709,12.1498,0,0,0
SIFT,BRIEF,1,1915,132.489,1915,4.59476,1700,9.78826,908,73.3118,801
SIFT,BRIEF,2,1824,121.321,1824,4.48522,1635,11.5084,858,71.119,842
SIFT,BRIEF,3,1837,120.662,1837,4.64034,1660,9.28505,878,68.3416,757
SIFT,BRIEF,4,1828,123.082,1828,4.46764,1655,9.70053,904,77.7149,756
SIFT,BRIEF,5,1875,122.71,1875,4.50551,1684,9.81568,856,74.5985,799
SIFT,BRIEF,6,1931,123.36,1931,4.45731,1707,9.9655,893,75.99,791
SIFT,BRIEF,7,1963,123.075,1963,4.57876,1740,9.56982,904,74.1545,803
SIFT,BRIEF,8,1954,123.92,1954,4.57051,1731,14.7512,915,76.911,825
SIFT,BRIEF,9,1983,123.352,1983,4.56003,1749,11.5001,881,77.2665,850
SIFT,BRIEF,10,2043,124.102,2043,4.52702,1775,11.6393,909,79.0236,840
SIFT,BRIEF,11,2065,124.372,2065,4.62807,1848,12.5529,920,83.8023,855
SIFT,BRIEF,12,2007,124.595,2007,4.46717,1779,12.1937,919,84.9043,929
SIFT,BRIEF,13,2030,123.077,2030,4.39507,1807,11.6902,937,81.6241,842
SIFT,BRIEF,14,2048,123.908,2048,4.43746,1815,10.4256,1010,85.3388,797
SIFT,BRIEF,15,2044,127.115,2044,4.2288,1829,10.2997,978,86.3214,837
SIFT,BRIEF,16,2086,126.914,2086,4.31612,1850,12.8357,962,85.6768,867
SIFT,BRIEF,17,2093,127.608,2093,4.3955,1843,12.4873,980,86.6862,870
SIFT,BRIEF,18,2159,135.957,2159,4.32751,1918,10.4636,1010,89.73,833
SIFT,FREAK,0,1890,125.886,1890,4.69598,1706,67.2744,0,0,0
SIFT,FREAK,1,1915,135.628,1915,4.59476,1709,62.9312,698,76.6199,1008
SIFT,FREAK,2,1824,129.585,1824,4.48522,1647,66.3884,697,73.8446,1012
SIFT,FREAK,3,1837,142.061,1837,4.64034,1668,62.6053,699,72.0418,948
SIFT,FREAK,4,1828,136.38,1828,4.46764,1659,66.6919,692,73.7068,976
SIFT,FREAK,5,1875,139.96,1875,4.50551,1684,66.2118,685,73.0715,974
SIFT,FREAK,6,1931,142.57,1931,4.45731,1723,66.194,692,75.947,992
SIFT,FREAK,7,1963,147.341,1963,4.57876,1744,66.4205,706,78.2471,1017
SIFT,FREAK,8,1954,147.348,1954,4.57051,1743,66.4635,711,80.7736,1033
SIFT,FREAK,9,1983,146.162,1983,4.56003,1760,67.815,687,80.2528,1056
SIFT,FREAK,10,2043,155.264,2043,4.52702,1782,66.4828,723,89.5291,1037
SIFT,FREAK,11,2065,159.88,2065,4.62807,1856,65.0576,707,90.799,1075
SIFT,FREAK,12,2007,149.287,2007,4.46717,1790,69.908,741,86.7314,1115
SIFT,FREAK,13,2030,149.67,2030,4.39507,1822,67.3751,729,85.1945,1061
SIFT,FREAK,14,2048,126.147,2048,4.43746,1834,68.8574,759,86.847,1063
SIFT,FREAK,15,2044,123.448,2044,4.2288,1856,68.0809,763,88.432,1071
SIFT,FREAK,16,2086,124.775,2086,4.31612,1874,68.5653,794,90.2766,1062
SIFT,FREAK,17,2093,160.743,2093,4.3955,1860,64.6696,804,95.5704,1070
SIFT,FREAK,18,2159,126.696,2159,4.32751,1942,69.151,811,94.014,1049
SIFT,SIFT,0,1890,156.306,1890,4.69598,1890,189.824,0,0,0
SIFT,SIFT,1,1915,153.77,1915,4.59476,1915,189.462,1030,120.802,860
SIFT,SIFT,2,1824,156.223,1824,4.48522,1824,189.91,987,117.242,928
SIFT,SIFT,3,1837,148.635,1837,4.64034,1837,190.276,972,111.867,852
SIFT,SIFT,4,1828,121.464,1828,4.46764,1828,159.265,964,118.54,873
SIFT,SIFT,5,1875,122.616,1875,4.50551,1875,162.329,988,121.229,840
SIFT,SIFT,6,1931,123.035,1931,4.45731,1931,163.083,967,127.747,908
SIFT,SIFT,7,1963,124.003,1963,4.57876,1963,166.555,1011,131.18,920
SIFT,SIFT,8,1954,124.147,1954,4.57051,1954,163.991,1036,135.249,927
SIFT,SIFT,9,1983,124.515,1983,4.56003,1983,164.613,1008,132.979,946
SIFT,SIFT,10,2043,125.176,2043,4.52702,2043,167.045,1003,138.501,980
SIFT,SIFT,11,2065,124.816,2065,4.62807,2065,169.629,1084,147.138,959
SIFT,SIFT,12,2007,123.342,2007,4.46717,2007,165.298,1060,144.9,1005
SIFT,SIFT,13,2030,123.998,2030,4.39507,2030,164.686,1107,141.619,900
SIFT,SIFT,14,2048,124.631,2048,4.43746,2048,167.575,1125,144.316,905
SIFT,SIFT,15,2044,124.237,2044,4.2288,2044,167.752,1107,155.449,941
SIFT,SIFT,16,2086,127.525,2086,4.31612,2086,169.03,1173,148.335,871
SIFT,SIFT,17,2093,135.328,2093,4.3955,2093,168.419,1183,152.202,903
SIFT,SIFT,18,2159,126.552,2159,4.32751,2159,173.723,1158,159.819,935
